10000
49 9951
147 9853
245 9755
343 9657
441 9559
539 9461
637 9363
735 9265
833 9167
931 9069
1029 8971
1127 8873
1225 8775
1323 8677
1421 8579
1519 8481
1617 8383
1715 8285
1813 8187
1911 8089
2009 7991
2107 7893
2205 7795
2303 7697
2401 7599
2499 7501
2597 7403
2695 7305
2793 7207
2891 7109
2989 7011
3087 6913
3185 6815
3283 6717
3381 6619
3479 6521
3577 6423
3675 6325
3773 6227
3871 6129
3969 6031
4067 5933
4165 5835
4263 5737
4361 5639
4459 5541
4557 5443
4655 5345
4753 5247
4851 5149
10000 0
9902 98
9804 196
9706 294
9608 392
9510 490
9412 588
9314 686
9216 784
9118 882
9020 980
8922 1078
8824 1176
8726 1274
8628 1372
8530 1470
8432 1568
8334 1666
8236 1764
8138 1862
8040 1960
7942 2058
7844 2156
7746 2254
7648 2352
7550 2450
7452 2548
7354 2646
7256 2744
7158 2842
7060 2940
6962 3038
6864 3136
6766 3234
6668 3332
6570 3430
6472 3528
6374 3626
6276 3724
6178 3822
6080 3920
5982 4018
5884 4116
5786 4214
5688 4312
5590 4410
5492 4508
5394 4606
5296 4704
5198 4802

